Top Left Mic FR Smoothed margin Upper Limit,,x data lin,y data dB,z data lin,,x axis log,y axis lin,z axis lin,,Hz,dB re 1 FS,deg.,,,,,,,,,,,,,,,,,,,,,,,,,,,,,,,,,,,,,,,,,,,,,,,,,,,,,,,,,,,,,,,,,,,,
100.00,106.00,112.00,118.00,125.00,132.00,140.00,150.00,160.00,170.00,180.00,190.00,200.00,212.00,224.00,236.00,250.00,265.00,280.00,300.00,315.00,335.00,355.00,375.00,400.00,425.00,450.00,475.00,500.00,530.00,560.00,600.00,630.00,670.00,710.00,750.00,800.00,850.00,900.00,950.00,1000.00,1060.00,1120.00,1180.00,1250.00,1320.00,1400.00,1500.00,1600.00,1700.00,1800.00,1900.00,2000.00,2120.00,2240.00,2360.00,2500.00,2650.00,2800.00,3000.00,3150.00,3350.00,3550.00,3750.00,4000.00,4250.00,4500.00,4750.00,5000.00,5300.00,5600.00,6000.00,6300.00,6700.00,7100.00,7500.00,8000.00,8500.00,9000.00,9500.00,10000.00
-35.01,-35.03,-35.01,-34.94,-34.85,-34.74,-34.67,-34.64,-34.65,-34.65,-34.69,-34.73,-34.74,-34.77,-34.80,-34.78,-34.72,-34.67,-34.59,-34.50,-34.48,-34.45,-34.42,-34.43,-34.46,-34.51,-34.55,-34.51,-34.32,-34.10,-33.96,-33.87,-33.89,-34.01,-34.13,-34.26,-34.37,-34.45,-34.50,-34.56,-34.65,-34.70,-34.71,-34.82,-34.85,-34.74,-34.60,-34.30,-34.02,-33.97,-34.04,-34.05,-33.99,-33.90,-33.85,-33.93,-34.03,-33.84,-33.42,-33.09,-32.88,-32.86,-33.05,-33.23,-32.24,-32.12,-31.73,-31.26,-31.15,-31.22,-30.92,-30.32,-29.08,-27.89,-26.92,-26.20,-23.63,-23.27,-23.48,-23.44,-23.26
Top Left Mic FR Smoothed margin Lower Limit,,x data lin,y data dB,z data lin,,x axis log,y axis lin,z axis lin,,Hz,dB re 1 FS,deg.,,,,,,,,,,,,,,,,,,,,,,,,,,,,,,,,,,,,,,,,,,,,,,,,,,,,,,,,,,,,,,,,,,,,
100.00,106.00,112.00,118.00,125.00,132.00,140.00,150.00,160.00,170.00,180.00,190.00,200.00,212.00,224.00,236.00,250.00,265.00,280.00,300.00,315.00,335.00,355.00,375.00,400.00,425.00,450.00,475.00,500.00,530.00,560.00,600.00,630.00,670.00,710.00,750.00,800.00,850.00,900.00,950.00,1000.00,1060.00,1120.00,1180.00,1250.00,1320.00,1400.00,1500.00,1600.00,1700.00,1800.00,1900.00,2000.00,2120.00,2240.00,2360.00,2500.00,2650.00,2800.00,3000.00,3150.00,3350.00,3550.00,3750.00,4000.00,4250.00,4500.00,4750.00,5000.00,5300.00,5600.00,6000.00,6300.00,6700.00,7100.00,7500.00,8000.00,8500.00,9000.00,9500.00,10000.00
-41.01,-41.03,-41.01,-40.94,-40.85,-40.74,-40.67,-40.64,-40.65,-40.65,-40.69,-40.73,-40.74,-40.77,-40.80,-40.78,-40.72,-40.67,-40.59,-40.50,-40.48,-40.45,-40.42,-40.43,-40.46,-40.51,-40.55,-40.51,-40.32,-40.10,-39.96,-39.87,-39.89,-40.01,-40.13,-40.26,-40.37,-40.45,-40.50,-40.56,-40.65,-40.70,-40.71,-40.82,-40.85,-40.74,-40.60,-40.30,-40.02,-39.97,-40.04,-40.05,-39.99,-39.90,-39.85,-39.93,-40.03,-39.84,-39.42,-39.09,-38.88,-38.86,-39.05,-39.23,-40.24,-40.12,-39.73,-39.26,-39.15,-39.22,-38.92,-38.32,-37.08,-35.89,-34.92,-34.20,-35.63,-35.27,-35.48,-35.44,-35.26
Top Right Mic FR Smoothed margin Upper Limit,,x data lin,y data dB,z data lin,,x axis log,y axis lin,z axis lin,,Hz,dB re 1 FS,deg.,,,,,,,,,,,,,,,,,,,,,,,,,,,,,,,,,,,,,,,,,,,,,,,,,,,,,,,,,,,,,,,,,,,,
100.00,106.00,112.00,118.00,125.00,132.00,140.00,150.00,160.00,170.00,180.00,190.00,200.00,212.00,224.00,236.00,250.00,265.00,280.00,300.00,315.00,335.00,355.00,375.00,400.00,425.00,450.00,475.00,500.00,530.00,560.00,600.00,630.00,670.00,710.00,750.00,800.00,850.00,900.00,950.00,1000.00,1060.00,1120.00,1180.00,1250.00,1320.00,1400.00,1500.00,1600.00,1700.00,1800.00,1900.00,2000.00,2120.00,2240.00,2360.00,2500.00,2650.00,2800.00,3000.00,3150.00,3350.00,3550.00,3750.00,4000.00,4250.00,4500.00,4750.00,5000.00,5300.00,5600.00,6000.00,6300.00,6700.00,7100.00,7500.00,8000.00,8500.00,9000.00,9500.00,10000.00
-34.63,-34.80,-34.86,-34.95,-34.98,-34.97,-34.95,-34.87,-34.78,-34.72,-34.72,-34.76,-34.81,-34.83,-34.79,-34.68,-34.58,-34.53,-34.48,-34.47,-34.45,-34.36,-34.31,-34.31,-34.35,-34.43,-34.44,-34.38,-34.21,-34.03,-33.90,-33.81,-33.80,-33.86,-33.92,-34.03,-34.11,-34.20,-34.29,-34.36,-34.48,-34.54,-34.58,-34.69,-34.69,-34.58,-34.42,-34.18,-34.01,-34.00,-34.03,-33.92,-33.75,-33.65,-33.62,-33.73,-33.88,-33.84,-33.63,-33.43,-33.27,-33.23,-33.32,-33.44,-32.38,-32.19,-31.87,-31.49,-31.12,-30.77,-30.39,-29.81,-29.18,-28.67,-27.97,-27.28,-24.62,-24.02,-23.77,-22.56,-21.02
Top Right Mic FR Smoothed margin Lower Limit,,x data lin,y data dB,z data lin,,x axis log,y axis lin,z axis lin,,Hz,dB re 1 FS,deg.,,,,,,,,,,,,,,,,,,,,,,,,,,,,,,,,,,,,,,,,,,,,,,,,,,,,,,,,,,,,,,,,,,,,
100.00,106.00,112.00,118.00,125.00,132.00,140.00,150.00,160.00,170.00,180.00,190.00,200.00,212.00,224.00,236.00,250.00,265.00,280.00,300.00,315.00,335.00,355.00,375.00,400.00,425.00,450.00,475.00,500.00,530.00,560.00,600.00,630.00,670.00,710.00,750.00,800.00,850.00,900.00,950.00,1000.00,1060.00,1120.00,1180.00,1250.00,1320.00,1400.00,1500.00,1600.00,1700.00,1800.00,1900.00,2000.00,2120.00,2240.00,2360.00,2500.00,2650.00,2800.00,3000.00,3150.00,3350.00,3550.00,3750.00,4000.00,4250.00,4500.00,4750.00,5000.00,5300.00,5600.00,6000.00,6300.00,6700.00,7100.00,7500.00,8000.00,8500.00,9000.00,9500.00,10000.00
-40.63,-40.80,-40.86,-40.95,-40.98,-40.97,-40.95,-40.87,-40.78,-40.72,-40.72,-40.76,-40.81,-40.83,-40.79,-40.68,-40.58,-40.53,-40.48,-40.47,-40.45,-40.36,-40.31,-40.31,-40.35,-40.43,-40.44,-40.38,-40.21,-40.03,-39.90,-39.81,-39.80,-39.86,-39.92,-40.03,-40.11,-40.20,-40.29,-40.36,-40.48,-40.54,-40.58,-40.69,-40.69,-40.58,-40.42,-40.18,-40.01,-40.00,-40.03,-39.92,-39.75,-39.65,-39.62,-39.73,-39.88,-39.84,-39.63,-39.43,-39.27,-39.23,-39.32,-39.44,-40.38,-40.19,-39.87,-39.49,-39.12,-38.77,-38.39,-37.81,-37.18,-36.67,-35.97,-35.28,-36.62,-36.02,-35.77,-34.56,-33.02
Top Left Mic THD margin Upper Limit,,x data lin,y data lin,z data lin,,x axis log,y axis lin,z axis lin,,Hz,%,deg.,
200.00,300.00,10000.00,,,,,,,,,,,
4.00,3.00,3.00,,,,,,,,,,,
Top Right Mic THD margin Upper Limit,,x data lin,y data lin,z data lin,,x axis log,y axis lin,z axis lin,,Hz,%,deg.,
200.00,300.00,10000.00,,,,,,,,,,,
4.00,3.00,3.00,,,,,,,,,,,
Side Top Mic FR Smoothed margin Upper Limit,,x data lin,y data dB,z data lin,,x axis log,y axis lin,z axis lin,,Hz,dB re 1 FS,deg.,,,,,,,,,,,,,,,,,,,,,,,,,,,,,,,,,,,,,,,,,,,,,,,,,,,,,,,,,,,,,,,,,,,,
100.00,106.00,112.00,118.00,125.00,132.00,140.00,150.00,160.00,170.00,180.00,190.00,200.00,212.00,224.00,236.00,250.00,265.00,280.00,300.00,315.00,335.00,355.00,375.00,400.00,425.00,450.00,475.00,500.00,530.00,560.00,600.00,630.00,670.00,710.00,750.00,800.00,850.00,900.00,950.00,1000.00,1060.00,1120.00,1180.00,1250.00,1320.00,1400.00,1500.00,1600.00,1700.00,1800.00,1900.00,2000.00,2120.00,2240.00,2360.00,2500.00,2650.00,2800.00,3000.00,3150.00,3350.00,3550.00,3750.00,4000.00,4250.00,4500.00,4750.00,5000.00,5300.00,5600.00,6000.00,6300.00,6700.00,7100.00,7500.00,8000.00,8500.00,9000.00,9500.00,10000.00
-35.01,-34.81,-34.81,-34.80,-34.80,-34.74,-34.63,-34.50,-34.44,-34.42,-34.42,-34.43,-34.38,-34.27,-34.15,-34.04,-34.00,-34.02,-34.08,-34.14,-34.19,-34.20,-34.18,-34.14,-34.09,-34.08,-34.05,-33.96,-33.85,-33.78,-33.79,-33.90,-34.06,-34.19,-34.15,-34.00,-33.85,-33.67,-33.59,-33.58,-33.61,-33.71,-33.84,-33.96,-33.98,-33.98,-33.95,-33.92,-33.92,-33.85,-33.77,-33.69,-33.59,-33.51,-33.44,-33.44,-33.50,-33.59,-33.57,-33.37,-33.06,-32.81,-32.65,-32.52,-31.36,-31.14,-30.93,-30.74,-30.53,-30.24,-29.91,-29.45,-28.96,-28.69,-28.26,-27.57,-24.97,-24.53,-23.79,-22.25,-20.96
Side Top Mic FR Smoothed margin Lower Limit,,x data lin,y data dB,z data lin,,x axis log,y axis lin,z axis lin,,Hz,dB re 1 FS,deg.,,,,,,,,,,,,,,,,,,,,,,,,,,,,,,,,,,,,,,,,,,,,,,,,,,,,,,,,,,,,,,,,,,,,
100.00,106.00,112.00,118.00,125.00,132.00,140.00,150.00,160.00,170.00,180.00,190.00,200.00,212.00,224.00,236.00,250.00,265.00,280.00,300.00,315.00,335.00,355.00,375.00,400.00,425.00,450.00,475.00,500.00,530.00,560.00,600.00,630.00,670.00,710.00,750.00,800.00,850.00,900.00,950.00,1000.00,1060.00,1120.00,1180.00,1250.00,1320.00,1400.00,1500.00,1600.00,1700.00,1800.00,1900.00,2000.00,2120.00,2240.00,2360.00,2500.00,2650.00,2800.00,3000.00,3150.00,3350.00,3550.00,3750.00,4000.00,4250.00,4500.00,4750.00,5000.00,5300.00,5600.00,6000.00,6300.00,6700.00,7100.00,7500.00,8000.00,8500.00,9000.00,9500.00,10000.00
-41.01,-40.81,-40.81,-40.80,-40.80,-40.74,-40.63,-40.50,-40.44,-40.42,-40.42,-40.43,-40.38,-40.27,-40.15,-40.04,-40.00,-40.02,-40.08,-40.14,-40.19,-40.20,-40.18,-40.14,-40.09,-40.08,-40.05,-39.96,-39.85,-39.78,-39.79,-39.90,-40.06,-40.19,-40.15,-40.00,-39.85,-39.67,-39.59,-39.58,-39.61,-39.71,-39.84,-39.96,-39.98,-39.98,-39.95,-39.92,-39.92,-39.85,-39.77,-39.69,-39.59,-39.51,-39.44,-39.44,-39.50,-39.59,-39.57,-39.37,-39.06,-38.81,-38.65,-38.52,-39.36,-39.14,-38.93,-38.74,-38.53,-38.24,-37.91,-37.45,-36.96,-36.69,-36.26,-35.57,-36.97,-36.53,-35.79,-34.25,-32.96
Side Bottom Mic FR Smoothed margin Upper Limit,,x data lin,y data dB,z data lin,,x axis log,y axis lin,z axis lin,,Hz,dB re 1 FS,deg.,,,,,,,,,,,,,,,,,,,,,,,,,,,,,,,,,,,,,,,,,,,,,,,,,,,,,,,,,,,,,,,,,,,,
100.00,106.00,112.00,118.00,125.00,132.00,140.00,150.00,160.00,170.00,180.00,190.00,200.00,212.00,224.00,236.00,250.00,265.00,280.00,300.00,315.00,335.00,355.00,375.00,400.00,425.00,450.00,475.00,500.00,530.00,560.00,600.00,630.00,670.00,710.00,750.00,800.00,850.00,900.00,950.00,1000.00,1060.00,1120.00,1180.00,1250.00,1320.00,1400.00,1500.00,1600.00,1700.00,1800.00,1900.00,2000.00,2120.00,2240.00,2360.00,2500.00,2650.00,2800.00,3000.00,3150.00,3350.00,3550.00,3750.00,4000.00,4250.00,4500.00,4750.00,5000.00,5300.00,5600.00,6000.00,6300.00,6700.00,7100.00,7500.00,8000.00,8500.00,9000.00,9500.00,10000.00
-34.90,-34.71,-34.68,-34.66,-34.66,-34.60,-34.50,-34.36,-34.25,-34.16,-34.07,-33.99,-33.93,-33.88,-33.87,-33.87,-33.89,-33.94,-34.03,-34.12,-34.22,-34.28,-34.32,-34.33,-34.34,-34.37,-34.35,-34.23,-34.09,-34.00,-33.98,-34.05,-34.09,-34.01,-33.78,-33.53,-33.36,-33.25,-33.30,-33.44,-33.74,-34.07,-34.22,-34.15,-33.86,-33.57,-33.48,-33.63,-33.95,-33.97,-33.57,-33.19,-32.97,-33.06,-33.38,-33.57,-33.46,-33.39,-33.51,-33.35,-33.07,-32.83,-32.53,-32.37,-31.20,-30.90,-30.59,-30.16,-28.99,-27.98,-27.53,-27.34,-27.31,-27.48,-27.61,-27.28,-25.10,-24.58,-23.64,-22.24,-20.76
Side Bottom Mic FR Smoothed margin Lower Limit,,x data lin,y data dB,z data lin,,x axis log,y axis lin,z axis lin,,Hz,dB re 1 FS,deg.,,,,,,,,,,,,,,,,,,,,,,,,,,,,,,,,,,,,,,,,,,,,,,,,,,,,,,,,,,,,,,,,,,,,
100.00,106.00,112.00,118.00,125.00,132.00,140.00,150.00,160.00,170.00,180.00,190.00,200.00,212.00,224.00,236.00,250.00,265.00,280.00,300.00,315.00,335.00,355.00,375.00,400.00,425.00,450.00,475.00,500.00,530.00,560.00,600.00,630.00,670.00,710.00,750.00,800.00,850.00,900.00,950.00,1000.00,1060.00,1120.00,1180.00,1250.00,1320.00,1400.00,1500.00,1600.00,1700.00,1800.00,1900.00,2000.00,2120.00,2240.00,2360.00,2500.00,2650.00,2800.00,3000.00,3150.00,3350.00,3550.00,3750.00,4000.00,4250.00,4500.00,4750.00,5000.00,5300.00,5600.00,6000.00,6300.00,6700.00,7100.00,7500.00,8000.00,8500.00,9000.00,9500.00,10000.00
-40.90,-40.71,-40.68,-40.66,-40.66,-40.60,-40.50,-40.36,-40.25,-40.16,-40.07,-39.99,-39.93,-39.88,-39.87,-39.87,-39.89,-39.94,-40.03,-40.12,-40.22,-40.28,-40.32,-40.33,-40.34,-40.37,-40.35,-40.23,-40.09,-40.00,-39.98,-40.05,-40.09,-40.01,-39.78,-39.53,-39.36,-39.25,-39.30,-39.44,-39.74,-40.07,-40.22,-40.15,-39.86,-39.57,-39.48,-39.63,-39.95,-39.97,-39.57,-39.19,-38.97,-39.06,-39.38,-39.57,-39.46,-39.39,-39.51,-39.35,-39.07,-38.83,-38.53,-38.37,-39.20,-38.90,-38.59,-38.16,-36.99,-35.98,-35.53,-35.34,-35.31,-35.48,-35.61,-35.28,-37.10,-36.58,-35.64,-34.24,-32.76
Side Top Mic THD margin Upper Limit,,x data lin,y data lin,z data lin,,x axis log,y axis lin,z axis lin,,Hz,%,deg.,
300.00,8000.00,8250.00,10000.00,,,,,,,,,,
3.00,3.00,5.00,5.00,,,,,,,,,,
Side Bottom Mic THD margin Upper Limit,,x data lin,y data lin,z data lin,,x axis log,y axis lin,z axis lin,,Hz,%,deg.,
300.00,8000.00,8250.00,10000.00,,,,,,,,,,
3.00,3.00,5.00,5.00,,,,,,,,,,
Side Mic Pair Diff Limit Upper Limit,,x data lin,y data dB,z data lin,,x axis log,y axis lin,z axis lin,,Hz,dB re 1 ,deg.,
100.00,20000.00,,,,,,,,,,,,
0.50,0.50,,,,,,,,,,,,
Side Mic Pair Diff Limit Lower Limit,,x data lin,y data dB,z data lin,,x axis log,y axis lin,z axis lin,,Hz,dB re 1 ,deg.,
100.00,20000.00,,,,,,,,,,,,
-0.50,-0.50,,,,,,,,,,,,
Top Left  Mic Seal Delta margin Lower Limit,,x data lin,y data dB,z data lin,,x axis log,y axis lin,z axis lin,,Hz,dB re 1 ,deg.,
400.00,1000.00,8000.00,,,,,,,,,,,
10.00,30.00,30.00,,,,,,,,,,,
Top Right  Mic Seal Delta margin Lower Limit,,x data lin,y data dB,z data lin,,x axis log,y axis lin,z axis lin,,Hz,dB re 1 ,deg.,
400.00,1000.00,8000.00,,,,,,,,,,,
10.00,30.00,30.00,,,,,,,,,,,
Side Top Mic Seal Delta margin Lower Limit,,x data lin,y data dB,z data lin,,x axis log,y axis lin,z axis lin,,Hz,dB re 1 ,deg.,
400.00,1000.00,8000.00,,,,,,,,,,,
10.00,30.00,30.00,,,,,,,,,,,
Side Botton Mic Seal Delta margin Lower Limit,,x data lin,y data dB,z data lin,,x axis log,y axis lin,z axis lin,,Hz,dB re 1 ,deg.,
400.00,1000.00,8000.00,,,,,,,,,,,
10.00,30.00,30.00,,,,,,,,,,,